0,5,0,0,146,0,0
1,6,0,0,215,220,0
2,6,0,0,215,219,0
3,6,0,0,210,216,172
4,6,0,0,216,220,0
5,6,0,0,213,218,0
6,6,0,0,213,222,0
7,6,0,0,209,219,0
8,6,0,0,209,215,0
9,6,0,0,211,219,0
10,6,0,0,211,216,0
11,0,98,138,111,129,130
12,6,0,0,209,218,0
13,6,0,0,215,220,0
14,6,0,0,212,216,0
15,6,0,0,210,219,0
16,6,0,0,214,221,0
17,6,0,0,215,219,0
18,6,0,0,210,217,0
19,6,0,0,213,217,0
20,6,0,0,216,221,0
21,6,0,0,216,223,0
22,6,0,0,212,222,0
23,6,0,0,213,222,0
24,6,0,0,211,219,0
25,6,0,0,212,222,0
26,6,0,0,211,216,0
27,6,0,0,216,222,0
28,6,0,0,212,217,0
29,6,0,0,212,223,0
30,6,0,0,216,222,0
31,6,0,0,210,217,0
32,6,0,0,210,218,0
33,6,0,0,215,218,0
34,6,0,0,213,217,0
35,6,0,0,213,217,0
36,6,0,0,216,223,0
37,6,0,0,215,220,0
38,6,0,0,215,220,0
39,6,0,0,210,220,0
40,6,0,0,215,221,0
41,6,0,0,211,217,0
42,6,0,0,216,221,0
43,6,0,0,211,217,0
44,6,0,0,215,223,0
45,6,0,0,210,219,0
46,6,0,0,216,223,0
47,6,0,0,211,218,0
48,6,0,0,215,223,0
49,6,0,0,214,219,0
50,6,0,0,217,222,0
51,6,0,0,216,222,0
52,6,0,0,211,222,0
53,6,0,0,212,217,0
54,6,0,0,213,223,0
55,6,0,0,212,217,0
56,6,0,0,214,219,0
57,6,0,0,215,218,0
58,6,0,0,214,218,0
59,6,0,0,216,221,0
60,6,0,0,214,218,0
61,6,0,0,213,221,0
62,6,0,0,215,223,0
63,6,0,0,210,217,0
64,6,0,0,212,218,0
65,6,0,0,216,223,0
66,6,0,0,210,218,0
67,6,0,0,217,224,0
68,6,0,0,211,219,0
69,6,0,0,215,221,0
70,6,0,0,216,222,0
71,6,0,0,210,217,0
72,6,0,0,215,223,0
73,6,0,0,211,217,0
74,6,0,0,214,218,0
75,6,0,0,211,219,0
76,6,0,0,211,218,0
77,6,0,0,216,220,0
78,6,0,0,211,219,0
79,6,0,0,216,224,0
80,6,0,0,216,219,0
81,6,0,0,211,218,0
82,6,0,0,213,218,0
83,6,0,0,211,219,0
84,6,0,0,217,224,0
85,6,0,0,217,223,0
86,6,0,0,216,223,0
87,6,0,0,211,217,0
88,6,0,0,214,223,0
89,6,0,0,212,218,0
90,6,0,0,217,223,0
91,6,0,0,216,219,0
92,6,0,0,212,217,0
93,6,0,0,216,223,0
94,6,0,0,211,219,0
95,6,0,0,212,218,0
96,6,0,0,217,222,0
97,6,0,0,216,223,0
98,6,0,0,216,224,0
99,6,0,0,216,224,0
100,6,0,0,211,218,0
101,6,0,0,215,223,0
102,6,0,0,211,218,0
103,6,0,0,211,218,0
104,6,0,0,213,217,0
105,6,0,0,211,218,0
106,6,0,0,216,224,0
107,6,0,0,213,217,0
108,6,0,0,216,223,0
109,6,0,0,212,223,0
110,6,0,0,211,221,0
111,6,0,0,213,217,0
112,6,0,0,214,222,0
113,6,0,0,216,224,0
114,6,0,0,210,217,0
115,6,0,0,214,222,0
116,6,0,0,215,223,0
117,6,0,0,213,223,0
118,7,0,0,0,218,0
119,6,0,0,217,225,0
120,6,0,0,211,218,0
121,6,0,0,211,221,0
122,6,0,0,211,220,0
123,6,0,0,210,218,0
124,6,0,0,211,221,0
125,6,0,0,212,220,0
126,8,180,0,0,224,227
127,8,0,0,0,221,228
128,8,0,0,0,217,222
129,8,0,0,0,222,225
130,0,170,205,214,222,224
131,8,0,0,0,220,0
132,7,0,0,0,208,0
133,6,0,0,217,222,0
134,6,0,206,213,218,180
135,6,0,0,218,220,0
136,0,155,207,215,219,179
137,6,0,0,219,223,0
138,6,0,0,213,217,179
139,6,0,0,215,219,179
140,6,0,0,221,223,0
141,6,0,205,213,218,179
142,6,0,0,215,218,0
143,6,0,0,221,223,0
144,6,0,0,213,218,182
145,3,0,82,0,0,0
146,3,0,84,0,0,0
147,3,0,85,0,0,0
148,3,0,84,0,0,0
149,6,0,0,221,224,0
150,6,0,0,213,218,182
151,6,0,0,206,214,0
152,6,0,0,207,218,0
153,0,108,170,106,190,130
154,6,0,0,214,211,0
155,6,0,0,213,211,0
156,6,0,0,210,212,0
157,6,0,0,209,208,0
158,0,156,208,218,222,0
159,6,0,0,220,222,0
160,0,155,208,217,221,0
161,6,0,0,219,222,0
162,6,0,0,214,219,180
163,0,0,0,222,223,0
164,0,154,207,219,221,0
165,6,0,0,214,221,0
166,0,155,208,219,221,0
167,6,0,0,215,219,0
168,6,0,0,214,220,0
169,6,0,0,222,223,0
170,0,153,208,220,222,0
171,6,0,0,222,224,0
172,0,155,208,217,222,0
173,6,0,209,215,219,183
174,0,161,205,216,204,145
175,0,161,208,221,211,150
176,0,164,210,216,217,159
177,0,165,209,221,222,0
178,4,0,204,191,0,0
179,4,0,204,217,0,0
180,4,0,203,212,0,0
181,4,0,207,218,0,0
182,4,0,207,214,0,0
183,4,0,203,211,0,0
184,4,0,207,217,0,0
185,4,0,204,217,0,0
186,4,0,203,216,0,0
187,4,0,203,212,0,0
188,4,0,202,214,0,0
189,4,0,208,217,0,0
190,4,0,202,214,0,0
191,4,0,208,218,0,0
192,4,0,206,214,0,0
193,4,0,209,217,0,0
194,4,0,203,212,0,0
195,4,0,204,218,0,0
196,4,0,208,216,0,0
197,4,0,203,211,0,0
198,4,0,209,218,0,0
199,4,0,206,212,0,0
200,4,0,201,212,0,0
201,4,0,207,217,0,0
202,4,0,208,217,0,0
203,4,0,202,213,0,0
204,4,0,208,217,0,0
205,4,0,202,216,0,0
206,4,0,208,218,0,0
207,4,0,207,213,0,0
208,4,0,204,216,0,0
209,4,0,206,217,0,0
210,4,0,208,217,0,0
211,4,0,208,216,0,0
212,4,0,203,211,0,0
213,4,0,203,211,0,0
214,4,0,207,217,0,0
215,4,0,207,217,0,0
216,4,0,207,218,0,0
217,4,0,201,212,0,0
218,4,0,207,215,0,0
219,4,0,208,216,0,0
220,4,0,208,214,0,0
221,4,0,209,218,0,0
222,4,0,207,215,0,0
223,4,0,208,217,0,0
224,4,0,208,219,0,0
225,4,0,203,211,0,0
226,4,0,205,212,0,0
227,4,0,209,219,0,0
228,4,0,202,214,0,0
229,4,0,207,218,0,0
230,4,0,208,215,0,0
231,4,0,202,211,0,0
232,4,0,203,217,0,0
233,4,0,207,214,0,0
234,4,0,206,217,0,0
235,4,0,208,217,0,0
236,4,0,205,212,0,0
237,4,0,209,218,0,0
238,4,0,203,211,0,0
239,4,0,208,218,0,0
240,4,0,203,212,0,0
241,4,0,209,217,0,0
242,4,0,204,212,0,0
243,4,0,203,215,0,0
244,4,0,207,218,0,0
245,4,0,201,212,0,0
246,4,0,204,216,0,0
247,4,0,207,218,0,0
248,4,0,206,212,0,0
249,4,0,202,213,0,0
250,4,0,202,215,0,0
251,4,0,208,218,0,0
252,4,0,208,215,0,0
253,6,166,203,214,205,150
254,5,0,0,190,0,0
255,5,0,0,213,0,0
256,5,0,0,212,0,0
257,5,0,0,214,0,0
258,5,0,0,211,0,0
259,5,0,0,215,0,0
260,5,0,0,209,0,0
261,5,0,0,214,0,0
262,5,0,0,210,0,0
263,5,0,0,214,0,0
264,5,0,0,215,0,0
265,5,0,0,213,0,0
266,5,0,0,209,0,0
267,5,0,0,216,0,0
268,5,0,0,213,0,0
269,5,0,0,214,0,0
270,5,0,0,215,0,0
271,5,0,0,215,0,0
272,5,0,0,210,0,0
273,5,0,0,209,0,0
274,5,0,0,212,0,0
275,5,0,0,209,0,0
276,5,0,0,209,0,0
277,5,0,0,215,0,0
278,5,0,0,214,0,0
279,5,0,0,215,0,0
280,5,0,0,215,0,0
281,5,0,0,215,0,0
282,5,0,0,214,0,0
283,5,0,0,209,0,0
284,5,0,0,211,0,0
285,5,0,0,215,0,0
286,5,0,0,209,0,0
287,5,0,0,215,0,0
288,5,0,0,215,0,0
289,5,0,0,214,0,0
290,5,0,0,211,0,0
291,5,0,0,210,0,0
292,5,0,0,209,0,0
293,5,0,0,212,0,0
294,5,0,0,209,0,0
295,5,0,0,105,0,0
296,5,0,0,22,0,0
297,5,0,0,23,0,0
298,5,0,0,23,0,0
299,5,0,0,24,0,0
300,5,0,0,22,0,0
301,5,0,0,30,0,0
302,5,0,0,27,0,0
303,5,0,0,28,0,0
304,5,0,0,27,0,0
305,5,0,0,27,0,0
306,5,0,0,27,0,0
307,5,0,0,61,0,0
308,5,0,0,76,0,0
309,5,0,0,74,0,0
310,5,0,0,74,0,0
311,5,0,0,64,0,0
312,5,0,0,41,0,0
313,5,0,0,25,0,0
314,5,0,0,19,0,0
315,5,0,0,13,0,0
316,5,0,0,20,0,0
317,5,0,0,33,0,0
318,5,0,0,43,0,0
319,5,0,0,27,0,0
320,5,0,0,17,0,0
321,5,0,0,22,0,0
322,5,0,0,23,0,0
323,5,0,0,20,0,0
324,5,0,0,21,0,0
325,5,0,0,20,0,0
326,5,0,0,20,0,0
327,5,0,0,19,0,0
328,5,0,0,20,0,0
329,5,0,0,20,0,0
330,5,0,0,24,0,0
331,0,1,1,2,1,1
332,5,0,0,19,0,0
333,5,0,0,43,0,0
334,5,0,0,15,0,0
335,0,1,1,2,2,1
336,5,0,0,14,0,0
337,5,0,0,47,0,0
338,4,0,36,37,0,0
339,4,0,42,34,0,0
340,4,0,49,43,0,0
341,3,0,54,0,0,0
342,4,0,40,34,0,0
343,3,0,47,0,0,0
344,3,0,59,0,0,0
345,4,0,16,19,0,0
346,4,0,23,29,0,0
347,4,0,22,28,0,0
348,4,0,22,27,0,0
349,4,0,20,25,0,0
350,5,0,0,184,0,0
351,5,0,0,148,0,0
352,5,0,0,212,0,0
353,5,0,0,214,0,0
354,5,0,0,214,0,0
355,5,0,0,212,0,0
356,5,0,0,217,0,0
357,5,0,0,212,0,0
358,5,0,0,217,0,0
359,5,0,0,213,0,0
360,5,0,0,214,0,0
361,5,0,0,218,0,0
362,5,0,0,215,0,0
363,5,0,0,216,0,0
364,5,0,0,212,0,0
365,5,0,0,219,0,0
366,5,0,0,217,0,0
367,5,0,0,216,0,0
368,5,0,0,212,0,0
369,5,0,0,215,0,0
370,5,0,0,218,0,0
371,5,0,0,212,0,0
372,5,0,0,215,0,0
373,5,0,0,212,0,0
374,5,0,0,217,0,0
375,5,0,0,219,0,0
376,5,0,0,214,0,0
377,5,0,0,214,0,0
378,5,0,0,217,0,0
379,5,0,0,212,0,0
380,5,0,0,214,0,0
381,5,0,0,214,0,0
382,5,0,0,216,0,0
383,5,0,0,217,0,0
384,5,0,0,214,0,0
385,5,0,0,215,0,0
386,5,0,0,213,0,0
387,5,0,0,219,0,0
388,5,0,0,215,0,0
389,5,0,0,215,0,0
390,5,0,0,220,0,0
391,5,0,0,219,0,0
392,5,0,0,215,0,0
393,5,0,0,219,0,0
394,5,0,0,215,0,0
395,5,0,0,213,0,0
396,5,0,0,212,0,0
397,5,0,0,212,0,0
398,5,0,0,213,0,0
399,5,0,0,215,0,0
400,5,0,0,213,0,0
401,5,0,0,216,0,0
402,5,0,0,213,0,0
403,5,0,0,214,0,0
404,5,0,0,216,0,0
405,5,0,0,219,0,0
406,5,0,0,219,0,0
407,5,0,0,213,0,0
408,5,0,0,212,0,0
409,5,0,0,167,0,0
410,5,0,0,174,0,0
411,5,0,0,119,0,0
412,5,0,0,147,0,0
413,5,0,0,148,0,0
414,5,0,0,149,0,0
415,5,0,0,148,0,0
416,5,0,0,147,0,0
417,5,0,0,147,0,0
418,5,0,0,146,0,0
419,5,0,0,149,0,0
420,5,0,0,148,0,0
421,5,0,0,147,0,0
422,5,0,0,146,0,0
423,5,0,0,148,0,0
424,5,0,0,145,0,0
425,5,0,0,146,0,0
426,5,0,0,147,0,0
427,5,0,0,149,0,0
428,5,0,0,147,0,0
429,5,0,0,146,0,0
430,5,0,0,148,0,0
431,5,0,0,145,0,0
432,5,0,0,146,0,0
433,5,0,0,148,0,0
434,5,0,0,147,0,0
435,5,0,0,147,0,0
436,5,0,0,146,0,0
437,5,0,0,147,0,0
438,5,0,0,146,0,0
439,5,0,0,147,0,0
440,5,0,0,148,0,0
441,5,0,0,148,0,0
442,5,0,0,146,0,0
443,5,0,0,149,0,0
444,5,0,0,147,0,0
445,5,0,0,146,0,0
446,5,0,0,146,0,0
447,5,0,0,147,0,0
448,5,0,0,149,0,0
449,5,0,0,148,0,0
450,5,0,0,148,0,0
451,5,0,0,146,0,0
452,5,0,0,148,0,0
453,5,0,0,147,0,0
454,5,0,0,148,0,0
455,5,0,0,148,0,0
456,5,0,0,148,0,0
457,5,0,0,146,0,0
458,5,0,0,146,0,0
459,5,0,0,145,0,0
460,5,0,0,146,0,0
461,5,0,0,147,0,0
462,5,0,0,145,0,0
463,5,0,0,146,0,0
464,5,0,0,149,0,0
465,5,0,0,145,0,0
466,5,0,0,147,0,0
467,5,0,0,148,0,0
468,5,0,0,148,0,0
469,5,0,0,147,0,0
470,5,0,0,148,0,0
471,5,0,0,147,0,0
472,5,0,0,147,0,0
473,5,0,0,146,0,0
474,5,0,0,145,0,0
475,5,0,0,145,0,0
476,5,0,0,146,0,0
477,5,0,0,148,0,0
478,5,0,0,149,0,0
479,5,0,0,148,0,0
480,5,0,0,146,0,0
481,5,0,0,148,0,0
482,5,0,0,147,0,0
483,5,0,0,147,0,0
484,5,0,0,149,0,0
485,5,0,0,148,0,0
486,5,0,0,149,0,0
487,5,0,0,146,0,0
488,5,0,0,146,0,0
489,5,0,0,148,0,0
490,5,0,0,149,0,0
491,5,0,0,150,0,0
492,5,0,0,151,0,0
493,5,0,0,95,0,0
494,5,0,0,94,0,0
495,5,0,0,93,0,0
496,5,0,0,92,0,0
497,5,0,0,93,0,0
498,5,0,0,94,0,0
499,5,0,0,94,0,0
500,5,0,0,92,0,0
501,5,0,0,93,0,0
502,5,0,0,92,0,0
503,5,0,0,93,0,0
504,5,0,0,93,0,0
505,5,0,0,92,0,0
506,5,0,0,93,0,0
507,5,0,0,93,0,0
508,5,0,0,94,0,0
509,5,0,0,94,0,0
510,5,0,0,93,0,0
511,5,0,0,93,0,0
512,5,0,0,94,0,0
513,5,0,0,93,0,0
514,5,0,0,93,0,0
515,5,0,0,92,0,0
516,5,0,0,94,0,0
517,5,0,0,92,0,0
518,5,0,0,94,0,0
519,5,0,0,94,0,0
520,5,0,0,92,0,0
521,5,0,0,93,0,0
522,5,0,0,92,0,0
523,5,0,0,92,0,0
524,5,0,0,92,0,0
525,5,0,0,94,0,0
526,5,0,0,94,0,0
527,5,0,0,93,0,0
528,5,0,0,92,0,0
529,5,0,0,94,0,0
530,5,0,0,94,0,0
531,5,0,0,93,0,0
532,5,0,0,92,0,0
533,5,0,0,93,0,0
534,5,0,0,92,0,0
535,5,0,0,93,0,0
536,5,0,0,93,0,0
537,5,0,0,92,0,0
538,5,0,0,94,0,0
539,5,0,0,92,0,0
540,5,0,0,94,0,0
541,5,0,0,92,0,0
542,5,0,0,93,0,0
543,5,0,0,93,0,0
544,5,0,0,94,0,0
545,5,0,0,94,0,0
546,5,0,0,94,0,0
547,5,0,0,93,0,0
548,5,0,0,92,0,0
549,5,0,0,93,0,0
550,5,0,0,93,0,0
551,5,0,0,94,0,0
552,5,0,0,93,0,0
553,5,0,0,94,0,0
554,5,0,0,93,0,0
555,5,0,0,92,0,0
556,5,0,0,92,0,0
557,5,0,0,92,0,0
558,5,0,0,94,0,0
559,5,0,0,94,0,0
560,5,0,0,92,0,0
561,5,0,0,93,0,0
562,5,0,0,93,0,0
563,5,0,0,94,0,0
564,5,0,0,92,0,0
565,5,0,0,92,0,0
566,5,0,0,92,0,0
567,5,0,0,94,0,0
568,5,0,0,70,0,0
569,5,0,0,70,0,0
570,5,0,0,89,0,0
571,5,0,0,89,0,0
572,5,0,0,88,0,0
573,5,0,0,88,0,0
574,5,0,0,88,0,0
575,5,0,0,89,0,0
576,5,0,0,88,0,0
577,5,0,0,89,0,0
578,5,0,0,88,0,0
579,5,0,0,89,0,0
580,5,0,0,88,0,0
581,5,0,0,88,0,0
582,5,0,0,88,0,0
583,5,0,0,88,0,0
584,5,0,0,89,0,0
585,5,0,0,87,0,0
586,5,0,0,88,0,0
587,5,0,0,89,0,0
588,5,0,0,89,0,0
589,5,0,0,89,0,0
590,5,0,0,87,0,0
591,5,0,0,88,0,0
592,5,0,0,88,0,0
593,5,0,0,89,0,0
594,5,0,0,89,0,0
595,5,0,0,88,0,0
596,5,0,0,88,0,0
597,5,0,0,88,0,0
598,5,0,0,89,0,0
599,5,0,0,88,0,0
600,5,0,0,88,0,0
601,5,0,0,89,0,0
602,5,0,0,88,0,0
603,5,0,0,88,0,0
604,5,0,0,89,0,0
605,5,0,0,67,0,0
606,5,0,0,54,0,0
607,5,0,0,52,0,0
608,5,0,0,71,0,0
609,5,0,0,71,0,0
610,5,0,0,71,0,0
611,5,0,0,71,0,0
612,5,0,0,71,0,0
613,5,0,0,70,0,0
614,5,0,0,71,0,0
615,5,0,0,71,0,0
616,5,0,0,70,0,0
617,5,0,0,70,0,0
618,5,0,0,71,0,0
619,5,0,0,71,0,0
620,5,0,0,71,0,0
621,5,0,0,70,0,0
622,5,0,0,70,0,0
623,5,0,0,70,0,0
624,5,0,0,70,0,0
625,5,0,0,70,0,0
626,5,0,0,70,0,0
627,5,0,0,71,0,0
628,5,0,0,70,0,0
629,5,0,0,71,0,0
630,5,0,0,70,0,0
631,5,0,0,71,0,0
632,5,0,0,71,0,0
633,5,0,0,70,0,0
634,5,0,0,71,0,0
635,5,0,0,70,0,0
636,5,0,0,71,0,0
637,5,0,0,71,0,0
638,5,0,0,70,0,0
639,5,0,0,70,0,0
640,5,0,0,70,0,0
641,5,0,0,70,0,0
642,5,0,0,70,0,0
643,5,0,0,70,0,0
644,5,0,0,71,0,0
645,5,0,0,71,0,0
646,5,0,0,70,0,0
647,5,0,0,71,0,0
648,5,0,0,70,0,0
649,5,0,0,71,0,0
650,5,0,0,71,0,0
651,5,0,0,70,0,0
652,5,0,0,70,0,0
653,5,0,0,71,0,0
654,5,0,0,70,0,0
655,5,0,0,51,0,0
656,5,0,0,63,0,0
657,5,0,0,47,0,0
658,5,0,0,61,0,0
659,5,0,0,61,0,0
660,5,0,0,60,0,0
661,5,0,0,60,0,0
662,5,0,0,59,0,0
663,5,0,0,60,0,0
664,5,0,0,59,0,0
665,5,0,0,59,0,0
666,5,0,0,59,0,0
667,5,0,0,59,0,0
668,5,0,0,59,0,0
669,5,0,0,60,0,0
670,5,0,0,59,0,0
671,5,0,0,59,0,0
672,5,0,0,59,0,0
673,5,0,0,59,0,0
674,5,0,0,59,0,0
675,5,0,0,59,0,0
676,5,0,0,59,0,0
677,5,0,0,59,0,0
678,5,0,0,60,0,0
679,5,0,0,59,0,0
680,5,0,0,59,0,0
681,5,0,0,60,0,0
682,5,0,0,60,0,0
683,5,0,0,59,0,0
684,5,0,0,59,0,0
685,5,0,0,60,0,0
686,5,0,0,59,0,0
687,5,0,0,59,0,0
688,5,0,0,59,0,0
689,5,0,0,59,0,0
690,5,0,0,59,0,0
691,5,0,0,60,0,0
692,5,0,0,60,0,0
693,5,0,0,60,0,0
694,5,0,0,60,0,0
695,5,0,0,60,0,0
696,5,0,0,59,0,0
697,5,0,0,60,0,0
698,5,0,0,59,0,0
699,5,0,0,59,0,0
700,5,0,0,60,0,0
701,5,0,0,60,0,0
702,5,0,0,59,0,0
703,5,0,0,59,0,0
704,5,0,0,60,0,0
705,5,0,0,60,0,0
706,5,0,0,59,0,0
707,5,0,0,60,0,0
708,5,0,0,60,0,0
709,5,0,0,60,0,0
710,5,0,0,60,0,0
711,5,0,0,60,0,0
712,5,0,0,62,0,0
713,5,0,0,62,0,0
714,5,0,0,60,0,0
715,5,0,0,60,0,0
716,5,0,0,59,0,0
717,5,0,0,60,0,0
718,5,0,0,60,0,0
719,5,0,0,61,0,0
720,5,0,0,60,0,0
721,5,0,0,60,0,0
722,5,0,0,60,0,0
723,5,0,0,60,0,0
724,5,0,0,59,0,0
725,5,0,0,59,0,0
726,5,0,0,59,0,0
727,5,0,0,57,0,0
728,5,0,0,40,0,0
729,5,0,0,38,0,0
730,5,0,0,37,0,0
731,5,0,0,46,0,0
732,5,0,0,32,0,0
733,5,0,0,29,0,0
734,5,0,0,47,0,0
735,5,0,0,47,0,0
736,5,0,0,47,0,0
737,5,0,0,47,0,0
738,5,0,0,47,0,0
739,5,0,0,47,0,0
740,5,0,0,47,0,0
741,5,0,0,47,0,0
742,5,0,0,47,0,0
743,5,0,0,47,0,0
744,5,0,0,47,0,0
745,5,0,0,47,0,0
746,5,0,0,46,0,0
747,5,0,0,47,0,0
748,5,0,0,47,0,0
749,5,0,0,47,0,0
750,5,0,0,47,0,0
751,5,0,0,47,0,0
752,5,0,0,47,0,0
753,5,0,0,47,0,0
754,5,0,0,47,0,0
755,5,0,0,47,0,0
756,5,0,0,47,0,0
757,5,0,0,47,0,0
758,5,0,0,46,0,0
759,5,0,0,47,0,0
760,5,0,0,47,0,0
761,5,0,0,47,0,0
762,5,0,0,47,0,0
763,5,0,0,46,0,0
764,5,0,0,47,0,0
765,5,0,0,47,0,0
766,5,0,0,47,0,0
767,5,0,0,46,0,0
768,5,0,0,47,0,0
769,5,0,0,47,0,0
770,5,0,0,47,0,0
771,5,0,0,47,0,0
772,5,0,0,46,0,0
773,5,0,0,47,0,0
774,5,0,0,47,0,0
775,5,0,0,47,0,0
776,5,0,0,47,0,0
777,5,0,0,47,0,0
778,5,0,0,47,0,0
779,5,0,0,47,0,0
780,5,0,0,46,0,0
781,5,0,0,47,0,0
782,5,0,0,47,0,0
783,5,0,0,46,0,0
784,5,0,0,46,0,0
785,5,0,0,47,0,0
786,5,0,0,47,0,0
787,5,0,0,47,0,0
788,5,0,0,46,0,0
789,5,0,0,46,0,0
790,5,0,0,46,0,0
791,5,0,0,47,0,0
792,5,0,0,47,0,0
793,5,0,0,47,0,0
794,5,0,0,47,0,0
795,5,0,0,47,0,0
796,5,0,0,47,0,0
797,5,0,0,46,0,0
798,5,0,0,47,0,0
799,5,0,0,46,0,0
800,5,0,0,46,0,0
801,5,0,0,46,0,0
802,5,0,0,47,0,0
803,5,0,0,47,0,0
804,5,0,0,46,0,0
805,5,0,0,47,0,0
806,5,0,0,46,0,0
807,5,0,0,47,0,0
808,5,0,0,47,0,0
809,5,0,0,47,0,0
810,5,0,0,47,0,0
811,5,0,0,47,0,0
812,5,0,0,47,0,0
813,5,0,0,47,0,0
814,5,0,0,47,0,0
815,5,0,0,47,0,0
816,5,0,0,47,0,0
817,5,0,0,47,0,0
818,5,0,0,46,0,0
819,5,0,0,47,0,0
820,5,0,0,47,0,0
821,5,0,0,46,0,0
822,5,0,0,47,0,0
823,5,0,0,47,0,0
824,5,0,0,46,0,0
825,5,0,0,47,0,0
826,5,0,0,47,0,0
827,5,0,0,46,0,0
828,5,0,0,46,0,0
829,5,0,0,47,0,0
830,5,0,0,47,0,0
831,5,0,0,46,0,0
832,5,0,0,46,0,0
833,5,0,0,46,0,0
834,5,0,0,47,0,0
835,5,0,0,46,0,0
836,5,0,0,47,0,0
837,5,0,0,47,0,0
838,5,0,0,42,0,0
839,5,0,0,39,0,0
840,5,0,0,38,0,0
841,5,0,0,55,0,0
842,5,0,0,55,0,0
843,5,0,0,55,0,0
844,5,0,0,56,0,0
845,5,0,0,55,0,0
846,5,0,0,55,0,0
847,5,0,0,56,0,0
848,5,0,0,55,0,0
849,5,0,0,55,0,0
850,5,0,0,55,0,0
851,5,0,0,55,0,0
852,5,0,0,55,0,0
853,5,0,0,55,0,0
854,5,0,0,55,0,0
855,5,0,0,55,0,0
856,5,0,0,55,0,0
857,5,0,0,55,0,0
858,5,0,0,56,0,0
859,5,0,0,55,0,0
860,5,0,0,55,0,0
861,5,0,0,55,0,0
862,5,0,0,55,0,0
863,5,0,0,55,0,0
864,5,0,0,55,0,0
865,5,0,0,55,0,0
866,5,0,0,55,0,0
867,5,0,0,55,0,0
868,5,0,0,55,0,0
869,5,0,0,56,0,0
870,5,0,0,55,0,0
871,5,0,0,55,0,0
872,5,0,0,55,0,0
873,5,0,0,55,0,0
874,5,0,0,55,0,0
875,5,0,0,55,0,0
876,5,0,0,56,0,0
877,5,0,0,55,0,0
878,5,0,0,55,0,0
879,5,0,0,56,0,0
880,5,0,0,55,0,0
881,5,0,0,55,0,0
882,5,0,0,55,0,0
883,5,0,0,56,0,0
884,5,0,0,56,0,0
885,5,0,0,54,0,0
886,5,0,0,54,0,0
887,5,0,0,55,0,0
888,5,0,0,54,0,0
889,5,0,0,55,0,0
890,5,0,0,55,0,0
891,5,0,0,56,0,0
892,5,0,0,56,0,0
893,5,0,0,55,0,0
894,5,0,0,56,0,0
895,5,0,0,55,0,0
896,5,0,0,55,0,0
897,5,0,0,56,0,0
898,5,0,0,56,0,0
899,5,0,0,56,0,0
900,5,0,0,56,0,0
901,5,0,0,55,0,0
902,5,0,0,39,0,0
903,5,0,0,40,0,0
904,5,0,0,47,0,0
905,5,0,0,47,0,0
906,5,0,0,47,0,0
907,5,0,0,48,0,0
908,5,0,0,47,0,0
909,5,0,0,47,0,0
910,5,0,0,48,0,0
911,5,0,0,47,0,0
912,5,0,0,47,0,0
913,5,0,0,47,0,0
914,5,0,0,47,0,0
915,5,0,0,47,0,0
916,5,0,0,47,0,0
917,5,0,0,47,0,0
918,5,0,0,47,0,0
919,5,0,0,47,0,0
920,5,0,0,47,0,0
921,5,0,0,47,0,0
922,5,0,0,47,0,0
923,5,0,0,47,0,0
924,5,0,0,47,0,0
925,5,0,0,48,0,0
926,5,0,0,47,0,0
927,5,0,0,47,0,0
928,5,0,0,47,0,0
929,5,0,0,47,0,0
930,5,0,0,47,0,0
931,5,0,0,47,0,0
932,5,0,0,47,0,0
933,5,0,0,47,0,0
934,5,0,0,47,0,0
935,5,0,0,47,0,0
936,5,0,0,47,0,0
937,5,0,0,47,0,0
938,5,0,0,47,0,0
939,5,0,0,47,0,0
940,5,0,0,47,0,0
941,5,0,0,47,0,0
942,5,0,0,48,0,0
943,5,0,0,47,0,0
944,5,0,0,47,0,0
945,5,0,0,48,0,0
946,5,0,0,47,0,0
947,5,0,0,47,0,0
948,5,0,0,47,0,0
949,5,0,0,47,0,0
950,5,0,0,47,0,0
951,5,0,0,47,0,0
952,5,0,0,48,0,0
953,5,0,0,47,0,0
954,5,0,0,48,0,0
955,5,0,0,47,0,0
956,5,0,0,47,0,0
957,5,0,0,47,0,0
958,5,0,0,47,0,0
959,5,0,0,47,0,0
960,5,0,0,47,0,0
961,5,0,0,47,0,0
962,5,0,0,47,0,0
963,5,0,0,47,0,0
964,5,0,0,47,0,0
965,5,0,0,47,0,0
966,5,0,0,47,0,0
967,5,0,0,47,0,0
968,5,0,0,47,0,0
969,5,0,0,47,0,0
970,5,0,0,47,0,0
971,5,0,0,47,0,0
972,5,0,0,47,0,0
973,5,0,0,47,0,0
974,5,0,0,47,0,0
975,5,0,0,47,0,0
976,5,0,0,47,0,0
977,5,0,0,47,0,0
978,5,0,0,47,0,0
979,5,0,0,47,0,0
980,5,0,0,47,0,0
981,5,0,0,47,0,0
982,5,0,0,47,0,0
983,5,0,0,47,0,0
984,5,0,0,47,0,0
985,5,0,0,47,0,0
986,5,0,0,47,0,0
987,5,0,0,47,0,0
988,5,0,0,47,0,0
989,5,0,0,47,0,0
990,5,0,0,47,0,0
991,5,0,0,47,0,0
992,5,0,0,46,0,0
993,5,0,0,46,0,0
994,5,0,0,46,0,0
995,5,0,0,46,0,0
996,5,0,0,46,0,0
997,5,0,0,46,0,0
998,5,0,0,44,0,0
999,5,0,0,46,0,0
1000,5,0,0,47,0,0
1001,5,0,0,47,0,0
1002,5,0,0,47,0,0
1003,5,0,0,48,0,0
1004,5,0,0,47,0,0
1005,5,0,0,47,0,0
1006,5,0,0,48,0,0
1007,5,0,0,47,0,0
1008,5,0,0,47,0,0
1009,5,0,0,46,0,0
1010,5,0,0,46,0,0
1011,5,0,0,47,0,0
1012,5,0,0,47,0,0
1013,5,0,0,47,0,0
1014,5,0,0,47,0,0
1015,5,0,0,47,0,0
1016,5,0,0,48,0,0
1017,5,0,0,48,0,0
1018,5,0,0,48,0,0
1019,5,0,0,38,0,0
1020,5,0,0,33,0,0
1021,5,0,0,25,0,0
1022,5,0,0,34,0,0
1023,5,0,0,33,0,0
1024,5,0,0,28,0,0
1025,5,0,0,22,0,0
1026,5,0,0,27,0,0
1027,5,0,0,27,0,0
1028,5,0,0,29,0,0
1029,5,0,0,29,0,0
1030,5,0,0,29,0,0
1031,5,0,0,29,0,0
1032,5,0,0,20,0,0
1033,5,0,0,33,0,0
1034,5,0,0,33,0,0
1035,5,0,0,33,0,0
1036,5,0,0,33,0,0
1037,5,0,0,31,0,0
1038,5,0,0,33,0,0
1039,5,0,0,16,0,0
1040,5,0,0,34,0,0
1041,5,0,0,24,0,0
1042,5,0,0,34,0,0
1043,5,0,0,33,0,0
1044,5,0,0,34,0,0
1045,5,0,0,31,0,0
1046,5,0,0,31,0,0
1047,5,0,0,32,0,0
1048,5,0,0,31,0,0
1049,5,0,0,29,0,0
1050,5,0,0,30,0,0
1051,5,0,0,29,0,0
1052,5,0,0,30,0,0
1053,5,0,0,29,0,0
1054,5,0,0,30,0,0
1055,5,0,0,30,0,0
1056,5,0,0,30,0,0
1057,5,0,0,30,0,0
1058,5,0,0,30,0,0
1059,5,0,0,30,0,0
1060,5,0,0,29,0,0
1061,5,0,0,29,0,0
1062,5,0,0,29,0,0
1063,5,0,0,30,0,0
1064,5,0,0,30,0,0
1065,5,0,0,30,0,0
1066,5,0,0,28,0,0
1067,5,0,0,29,0,0
1068,5,0,0,30,0,0
1069,5,0,0,30,0,0
1070,5,0,0,30,0,0
1071,5,0,0,10,0,0
1072,5,0,0,30,0,0
1073,5,0,0,27,0,0
1074,5,0,0,13,0,0
1075,5,0,0,13,0,0
1076,5,0,0,29,0,0
1077,5,0,0,29,0,0
1078,5,0,0,10,0,0
1079,5,0,0,11,0,0
1080,5,0,0,10,0,0
1081,5,0,0,12,0,0
1082,5,0,0,12,0,0
1083,5,0,0,12,0,0
1084,5,0,0,10,0,0
1085,5,0,0,10,0,0
1086,5,0,0,12,0,0
1087,5,0,0,12,0,0
1088,5,0,0,10,0,0
1089,5,0,0,10,0,0
1090,5,0,0,13,0,0
1091,5,0,0,12,0,0
1092,5,0,0,13,0,0
1093,5,0,0,10,0,0
1094,5,0,0,10,0,0
1095,5,0,0,29,0,0
1096,5,0,0,29,0,0
1097,5,0,0,28,0,0
1098,5,0,0,19,0,0
1099,5,0,0,14,0,0
1100,5,0,0,13,0,0
1101,5,0,0,13,0,0
1102,5,0,0,13,0,0
1103,5,0,0,16,0,0
1104,5,0,0,16,0,0
1105,5,0,0,12,0,0
1106,5,0,0,12,0,0
1107,5,0,0,10,0,0
1108,5,0,0,13,0,0
1109,5,0,0,13,0,0
1110,5,0,0,18,0,0
1111,5,0,0,18,0,0
1112,5,0,0,20,0,0
1113,5,0,0,21,0,0
1114,5,0,0,13,0,0
1115,5,0,0,12,0,0
1116,5,0,0,10,0,0
1117,5,0,0,10,0,0
1118,5,0,0,6,0,0
1119,5,0,0,8,0,0
1120,5,0,0,10,0,0
1121,5,0,0,11,0,0
1122,5,0,0,10,0,0
1123,5,0,0,10,0,0
1124,5,0,0,10,0,0
1125,5,0,0,13,0,0
1126,5,0,0,7,0,0
1127,5,0,0,29,0,0
1128,5,0,0,29,0,0
1129,5,0,0,29,0,0
1130,5,0,0,29,0,0
1131,5,0,0,29,0,0
1132,5,0,0,30,0,0
1133,5,0,0,29,0,0
1134,5,0,0,30,0,0
1135,5,0,0,29,0,0
1136,5,0,0,29,0,0
1137,5,0,0,29,0,0
1138,5,0,0,29,0,0
1139,5,0,0,29,0,0
1140,5,0,0,29,0,0
1141,5,0,0,30,0,0
1142,5,0,0,30,0,0
1143,5,0,0,29,0,0
1144,5,0,0,29,0,0
1145,5,0,0,29,0,0
1146,5,0,0,29,0,0
1147,5,0,0,29,0,0
1148,5,0,0,29,0,0
1149,5,0,0,29,0,0
1150,5,0,0,29,0,0
1151,5,0,0,29,0,0
1152,5,0,0,29,0,0
1153,5,0,0,28,0,0
1154,5,0,0,29,0,0
1155,5,0,0,29,0,0
1156,5,0,0,29,0,0
1157,5,0,0,29,0,0
1158,5,0,0,29,0,0
1159,5,0,0,29,0,0
1160,5,0,0,29,0,0
1161,5,0,0,29,0,0
1162,5,0,0,28,0,0
1163,5,0,0,29,0,0
1164,5,0,0,29,0,0
1165,5,0,0,29,0,0
1166,5,0,0,29,0,0
1167,5,0,0,29,0,0
1168,5,0,0,28,0,0
1169,5,0,0,30,0,0
1170,5,0,0,38,0,0
1171,5,0,0,48,0,0
1172,5,0,0,45,0,0
1173,5,0,0,47,0,0
1174,5,0,0,47,0,0
1175,5,0,0,45,0,0
1176,5,0,0,46,0,0
1177,5,0,0,46,0,0
1178,5,0,0,46,0,0
1179,5,0,0,46,0,0
1180,5,0,0,46,0,0
1181,5,0,0,45,0,0
1182,5,0,0,46,0,0
1183,5,0,0,47,0,0
1184,5,0,0,46,0,0
1185,5,0,0,46,0,0
1186,5,0,0,46,0,0
1187,5,0,0,47,0,0
1188,5,0,0,46,0,0
1189,5,0,0,47,0,0
1190,5,0,0,46,0,0
1191,5,0,0,47,0,0
1192,5,0,0,47,0,0
1193,5,0,0,47,0,0
1194,5,0,0,47,0,0
1195,5,0,0,47,0,0
1196,5,0,0,47,0,0
1197,5,0,0,47,0,0
1198,5,0,0,47,0,0
1199,5,0,0,47,0,0
1200,5,0,0,46,0,0
1201,5,0,0,47,0,0
1202,5,0,0,46,0,0
1203,5,0,0,47,0,0
1204,5,0,0,47,0,0
1205,5,0,0,48,0,0
1206,5,0,0,47,0,0
1207,5,0,0,47,0,0
1208,5,0,0,47,0,0
1209,5,0,0,47,0,0
1210,5,0,0,46,0,0
1211,5,0,0,47,0,0
1212,5,0,0,46,0,0
1213,5,0,0,46,0,0
1214,5,0,0,47,0,0
1215,5,0,0,47,0,0
1216,5,0,0,47,0,0
1217,5,0,0,47,0,0
1218,5,0,0,47,0,0
1219,5,0,0,47,0,0
1220,5,0,0,26,0,0
1221,5,0,0,26,0,0
1222,5,0,0,27,0,0
1223,5,0,0,26,0,0
1224,5,0,0,24,0,0
1225,5,0,0,25,0,0
1226,5,0,0,24,0,0
1227,5,0,0,25,0,0
1228,5,0,0,25,0,0
1229,5,0,0,24,0,0
1230,5,0,0,25,0,0
1231,5,0,0,25,0,0
1232,5,0,0,24,0,0
1233,5,0,0,24,0,0
1234,5,0,0,24,0,0
1235,5,0,0,24,0,0
1236,5,0,0,25,0,0
1237,5,0,0,24,0,0
1238,5,0,0,25,0,0
1239,5,0,0,25,0,0
1240,5,0,0,25,0,0
1241,5,0,0,24,0,0
1242,5,0,0,24,0,0
1243,5,0,0,24,0,0
1244,5,0,0,25,0,0
1245,5,0,0,24,0,0
1246,5,0,0,24,0,0
1247,5,0,0,24,0,0
1248,5,0,0,25,0,0
1249,5,0,0,25,0,0
1250,5,0,0,25,0,0
1251,5,0,0,25,0,0
1252,5,0,0,24,0,0
1253,5,0,0,24,0,0
1254,5,0,0,26,0,0
1255,5,0,0,19,0,0
1256,5,0,0,16,0,0
1257,5,0,0,18,0,0
1258,5,0,0,18,0,0
1259,5,0,0,17,0,0
1260,5,0,0,16,0,0
1261,5,0,0,16,0,0
1262,5,0,0,17,0,0
1263,5,0,0,19,0,0
1264,5,0,0,19,0,0
1265,5,0,0,19,0,0
1266,4,0,12,19,0,0
1267,5,0,0,19,0,0
1268,5,0,0,18,0,0
1269,5,0,0,18,0,0
1270,5,0,0,18,0,0
1271,5,0,0,18,0,0
1272,5,0,0,18,0,0
1273,5,0,0,18,0,0
1274,5,0,0,18,0,0
1275,5,0,0,18,0,0
1276,5,0,0,18,0,0
1277,4,0,12,18,0,0
1278,5,0,0,18,0,0
1279,5,0,0,17,0,0
1280,4,0,11,16,0,0
1281,5,0,0,18,0,0
1282,5,0,0,19,0,0
1283,5,0,0,18,0,0
1284,5,0,0,18,0,0
1285,5,0,0,18,0,0
1286,5,0,0,18,0,0
1287,5,0,0,18,0,0
1288,5,0,0,17,0,0
1289,5,0,0,17,0,0
1290,5,0,0,18,0,0
1291,4,0,12,18,0,0
1292,4,0,12,18,0,0
1293,4,0,0,18,0,0
1294,5,0,0,18,0,0
1295,4,0,11,17,0,0
1296,4,0,11,17,0,0
1297,5,0,0,16,0,0
1298,5,0,0,17,0,0
1299,4,0,12,18,0,0
1300,4,0,12,17,0,0
1301,4,0,11,17,0,0
1302,4,0,11,16,0,0
1303,4,0,0,16,0,0
1304,5,0,0,17,0,0
1305,4,0,11,17,0,0
1306,4,0,12,17,0,0
1307,4,0,12,17,0,0
1308,4,0,12,17,0,0
1309,4,0,11,16,0,0
1310,4,0,12,16,0,0
1311,5,0,0,17,0,0
1312,4,0,11,17,0,0
1313,4,0,12,17,0,0
1314,5,0,0,18,0,0
1315,4,0,11,17,0,0
1316,5,0,0,18,0,0
1317,5,0,0,17,0,0
1318,5,0,0,17,0,0
1319,5,0,0,17,0,0
1320,5,0,0,17,0,0
1321,5,0,0,18,0,0
1322,4,0,11,17,0,0
1323,4,0,11,17,0,0
1324,4,0,12,17,0,0
1325,5,0,0,17,0,0
1326,4,0,11,17,0,0
1327,5,0,0,48,0,0
1328,7,0,0,0,73,0
1329,5,0,0,43,0,0
1330,5,0,0,42,0,0
1331,5,0,0,41,0,0
1332,5,0,0,41,0,0
1333,5,0,0,41,0,0
1334,5,0,0,42,0,0
1335,5,0,0,42,0,0
1336,5,0,0,41,0,0
1337,5,0,0,42,0,0
1338,5,0,0,42,0,0
1339,5,0,0,42,0,0
1340,5,0,0,42,0,0
1341,5,0,0,41,0,0
1342,5,0,0,42,0,0
1343,5,0,0,41,0,0
1344,5,0,0,42,0,0
1345,5,0,0,41,0,0
1346,5,0,0,41,0,0
1347,5,0,0,41,0,0
1348,5,0,0,41,0,0
1349,5,0,0,41,0,0
1350,5,0,0,41,0,0
1351,5,0,0,42,0,0
1352,5,0,0,41,0,0
1353,5,0,0,41,0,0
1354,5,0,0,42,0,0
1355,5,0,0,42,0,0
1356,5,0,0,42,0,0
1357,5,0,0,41,0,0
1358,5,0,0,41,0,0
1359,5,0,0,41,0,0
1360,5,0,0,41,0,0
1361,5,0,0,41,0,0
1362,5,0,0,40,0,0
1363,5,0,0,41,0,0
1364,5,0,0,42,0,0
1365,5,0,0,42,0,0
1366,5,0,0,42,0,0
1367,5,0,0,41,0,0
1368,5,0,0,41,0,0
1369,5,0,0,41,0,0
1370,5,0,0,42,0,0
1371,5,0,0,41,0,0
1372,5,0,0,42,0,0
1373,5,0,0,41,0,0
1374,5,0,0,41,0,0
1375,5,0,0,42,0,0
1376,5,0,0,42,0,0
1377,5,0,0,41,0,0
1378,5,0,0,41,0,0
1379,5,0,0,41,0,0
1380,5,0,0,41,0,0
1381,5,0,0,41,0,0
1382,5,0,0,41,0,0
1383,5,0,0,42,0,0
1384,5,0,0,42,0,0
1385,5,0,0,42,0,0
1386,5,0,0,41,0,0
1387,5,0,0,41,0,0
1388,5,0,0,42,0,0
1389,5,0,0,41,0,0
1390,5,0,0,41,0,0
1391,5,0,0,41,0,0
1392,5,0,0,41,0,0
1393,5,0,0,41,0,0
1394,5,0,0,41,0,0
1395,5,0,0,42,0,0
1396,5,0,0,41,0,0
1397,5,0,0,41,0,0
1398,5,0,0,41,0,0
1399,5,0,0,41,0,0
1400,5,0,0,41,0,0
1401,5,0,0,42,0,0
1402,5,0,0,42,0,0
1403,5,0,0,42,0,0
1404,5,0,0,41,0,0
1405,5,0,0,41,0,0
1406,5,0,0,41,0,0
1407,5,0,0,41,0,0
1408,5,0,0,42,0,0
1409,5,0,0,41,0,0
1410,5,0,0,41,0,0
1411,5,0,0,41,0,0
1412,5,0,0,41,0,0
1413,5,0,0,41,0,0
1414,5,0,0,41,0,0
1415,5,0,0,42,0,0
1416,5,0,0,42,0,0
1417,5,0,0,42,0,0
1418,5,0,0,41,0,0
1419,5,0,0,42,0,0
1420,5,0,0,42,0,0
1421,5,0,0,41,0,0
1422,5,0,0,42,0,0
1423,5,0,0,41,0,0
1424,5,0,0,41,0,0
1425,5,0,0,41,0,0
1426,5,0,0,41,0,0
1427,5,0,0,42,0,0
1428,5,0,0,41,0,0
1429,5,0,0,42,0,0
1430,5,0,0,41,0,0
1431,5,0,0,42,0,0
1432,5,0,0,42,0,0
1433,5,0,0,41,0,0
1434,5,0,0,42,0,0
1435,5,0,0,43,0,0
1436,4,0,17,25,0,0
1437,4,0,20,25,0,0
1438,4,0,17,23,0,0
1439,4,0,17,23,0,0
1440,4,0,17,23,0,0
1441,4,0,17,23,0,0
1442,4,0,17,23,0,0
1443,4,0,17,23,0,0
1444,4,0,17,23,0,0
1445,4,0,17,23,0,0
1446,4,0,17,23,0,0
1447,4,0,17,23,0,0
1448,4,0,17,23,0,0
1449,4,0,17,23,0,0
1450,4,0,17,23,0,0
1451,4,0,17,23,0,0
1452,4,0,17,23,0,0
1453,4,0,17,23,0,0
1454,4,0,17,23,0,0
1455,4,0,17,23,0,0
1456,4,0,17,23,0,0
1457,4,0,17,23,0,0
1458,4,0,17,23,0,0
1459,4,0,17,23,0,0
1460,4,0,17,23,0,0
1461,4,0,17,23,0,0
1462,4,0,17,23,0,0
1463,4,0,17,23,0,0
1464,4,0,17,23,0,0
1465,4,0,17,23,0,0
1466,4,0,17,23,0,0
1467,4,0,17,23,0,0
1468,4,0,17,23,0,0
1469,4,0,17,23,0,0
1470,4,0,17,23,0,0
1471,4,0,17,23,0,0
1472,4,0,17,23,0,0
1473,4,0,17,23,0,0
1474,4,0,17,23,0,0
1475,4,0,17,23,0,0
1476,4,0,18,23,0,0
1477,4,0,17,23,0,0
1478,4,0,17,23,0,0
1479,4,0,17,23,0,0
1480,4,0,17,23,0,0
1481,4,0,17,23,0,0
1482,4,0,18,23,0,0
1483,4,0,17,23,0,0
1484,4,0,16,22,0,0
1485,4,0,18,23,0,0
1486,4,0,17,23,0,0
1487,4,0,25,28,0,0
1488,5,0,0,20,0,0
1489,4,0,17,21,0,0
1490,4,0,17,21,0,0
1491,4,0,13,20,0,0
1492,4,0,14,21,0,0
1493,4,0,18,22,0,0
1494,4,0,17,21,0,0
1495,4,0,18,21,0,0
1496,4,0,14,19,0,0
1497,4,0,13,14,0,0
1498,4,0,17,18,0,0
1499,4,0,17,18,0,0
1500,4,0,19,21,0,0
1501,4,0,14,15,0,0
1502,0,1,15,16,2,13
1503,0,1,17,15,2,14
1504,0,1,17,18,2,15
1505,0,1,14,15,2,15
1506,0,1,22,25,25,24
1507,6,0,0,34,32,0
1508,6,0,0,32,31,0
1509,6,0,0,32,32,0
1510,6,0,0,35,37,0
1511,6,0,0,34,35,0
1512,6,0,0,33,34,0
1513,6,0,0,33,35,0
1514,6,0,0,34,35,0
1515,6,0,0,36,40,0
1516,6,0,0,36,38,0
1517,6,0,0,36,40,0
1518,7,0,0,0,55,0
1519,7,0,0,0,56,0
1520,7,0,0,0,53,0
1521,6,0,0,40,51,0
1522,6,0,0,0,52,0
1523,5,0,0,51,0,0
1524,5,0,0,51,0,0
1525,5,0,0,51,0,0
1526,5,0,0,51,0,0
1527,5,0,0,51,0,0
1528,5,0,0,42,0,0
1529,5,0,0,44,0,0
1530,5,0,0,41,0,0
1531,5,0,0,42,0,0
1532,5,0,0,42,0,0
1533,5,0,0,42,0,0
1534,5,0,0,42,0,0
1535,5,0,0,42,0,0
1536,5,0,0,41,0,0
1537,5,0,0,42,0,0
1538,5,0,0,42,0,0
1539,5,0,0,41,0,0
1540,5,0,0,42,0,0
1541,5,0,0,42,0,0
1542,5,0,0,42,0,0
1543,5,0,0,42,0,0
1544,5,0,0,42,0,0
1545,5,0,0,42,0,0
1546,5,0,0,42,0,0
1547,5,0,0,42,0,0
1548,5,0,0,42,0,0
1549,5,0,0,42,0,0
1550,5,0,0,42,0,0
1551,5,0,0,42,0,0
1552,5,0,0,42,0,0
1553,5,0,0,41,0,0
1554,5,0,0,42,0,0
1555,4,0,37,30,0,0
1556,4,0,38,30,0,0
1557,4,0,38,30,0,0
1558,4,0,38,30,0,0
1559,4,0,38,30,0,0
1560,4,0,38,30,0,0
1561,4,0,38,30,0,0
1562,4,0,37,30,0,0
1563,4,0,38,30,0,0
1564,4,0,38,30,0,0
1565,4,0,38,28,0,0
1566,4,0,36,35,0,0
1567,4,0,36,34,0,0
1568,4,0,36,34,0,0
1569,4,0,36,34,0,0
1570,4,0,36,34,0,0
1571,4,0,36,33,0,0
1572,4,0,36,34,0,0
1573,4,0,36,34,0,0
1574,4,0,36,34,0,0
1575,4,0,36,34,0,0
1576,4,0,36,34,0,0
1577,4,0,36,33,0,0
1578,4,0,36,34,0,0
1579,4,0,36,34,0,0
1580,4,0,36,34,0,0
1581,4,0,36,34,0,0
1582,4,0,36,34,0,0
1583,4,0,36,33,0,0
1584,4,0,36,33,0,0
1585,4,0,36,34,0,0
1586,4,0,36,34,0,0
1587,4,0,36,34,0,0
1588,4,0,36,34,0,0
1589,4,0,36,33,0,0
1590,4,0,36,34,0,0
1591,4,0,36,33,0,0
1592,4,0,36,34,0,0
1593,4,0,36,34,0,0
1594,4,0,36,34,0,0
1595,4,0,36,33,0,0
1596,4,0,36,34,0,0
1597,4,0,36,34,0,0
1598,4,0,36,34,0,0
1599,4,0,36,34,0,0
1600,4,0,36,34,0,0
1601,4,0,36,33,0,0
1602,4,0,36,34,0,0
1603,4,0,36,33,0,0
1604,4,0,36,33,0,0
1605,4,0,36,34,0,0
1606,4,0,36,34,0,0
1607,4,0,36,33,0,0
1608,4,0,36,33,0,0
1609,4,0,35,33,0,0
1610,4,0,35,33,0,0
1611,4,0,35,33,0,0
1612,4,0,36,33,0,0
1613,4,0,36,34,0,0
1614,4,0,36,33,0,0
1615,4,0,36,34,0,0
1616,4,0,35,33,0,0
1617,4,0,36,34,0,0
1618,4,0,36,34,0,0
1619,4,0,36,33,0,0
1620,4,0,36,34,0,0
1621,4,0,36,34,0,0
1622,4,0,36,33,0,0
1623,4,0,36,33,0,0
1624,4,0,35,33,0,0
1625,4,0,35,33,0,0
1626,4,0,36,33,0,0
1627,4,0,36,33,0,0
1628,4,0,36,34,0,0
1629,4,0,36,33,0,0
1630,4,0,36,33,0,0
1631,4,0,36,33,0,0
1632,4,0,36,34,0,0
1633,4,0,36,33,0,0
1634,4,0,35,33,0,0
1635,4,0,36,33,0,0
1636,4,0,36,33,0,0
1637,4,0,36,33,0,0
1638,4,0,36,33,0,0
1639,4,0,36,34,0,0
1640,4,0,36,33,0,0
1641,4,0,36,34,0,0
1642,4,0,36,34,0,0
1643,4,0,36,34,0,0
1644,4,0,36,34,0,0
1645,4,0,36,33,0,0
1646,4,0,36,33,0,0
1647,4,0,36,34,0,0
1648,4,0,36,33,0,0
1649,4,0,36,33,0,0
1650,4,0,36,34,0,0
1651,4,0,36,34,0,0
1652,4,0,36,33,0,0
1653,4,0,36,33,0,0
1654,4,0,36,33,0,0
1655,4,0,36,34,0,0
1656,4,0,36,34,0,0
1657,4,0,36,33,0,0
1658,4,0,36,33,0,0
1659,4,0,36,34,0,0
1660,4,0,36,33,0,0
1661,4,0,36,34,0,0
1662,4,0,36,34,0,0
1663,4,0,36,34,0,0
1664,4,0,36,34,0,0
1665,4,0,36,34,0,0
1666,4,0,36,34,0,0
1667,4,0,36,34,0,0
1668,4,0,36,34,0,0
1669,4,0,36,33,0,0
1670,4,0,36,34,0,0
1671,4,0,36,34,0,0
1672,4,0,36,34,0,0
1673,4,0,36,34,0,0
1674,4,0,36,34,0,0
1675,4,0,37,34,0,0
1676,4,0,36,34,0,0
1677,4,0,36,34,0,0
1678,4,0,36,34,0,0
1679,4,0,36,34,0,0
1680,4,0,36,34,0,0
1681,4,0,36,34,0,0
1682,4,0,36,34,0,0
1683,4,0,36,33,0,0
1684,4,0,35,33,0,0
1685,4,0,37,34,0,0
1686,4,0,37,35,0,0
1687,4,0,39,37,0,0
1688,3,0,40,0,0,0
1689,3,0,39,0,0,0
1690,3,0,39,0,0,0
1691,3,0,39,0,0,0
1692,3,0,39,0,0,0
1693,3,0,38,0,0,0
1694,3,0,39,0,0,0
1695,3,0,39,0,0,0
1696,3,0,39,0,0,0
1697,3,0,38,0,0,0
1698,3,0,38,0,0,0
1699,3,0,38,0,0,0
1700,3,0,38,0,0,0
1701,3,0,39,0,0,0
1702,3,0,39,0,0,0
1703,3,0,39,0,0,0
1704,3,0,39,0,0,0
1705,3,0,39,0,0,0
1706,3,0,39,0,0,0
1707,3,0,39,0,0,0
1708,3,0,39,0,0,0
1709,3,0,39,0,0,0
1710,3,0,39,0,0,0
1711,3,0,39,0,0,0
1712,3,0,40,0,0,0
1713,3,0,37,0,0,0
1714,3,0,36,0,0,0
1715,3,0,35,0,0,0
1716,3,0,34,0,0,0
1717,3,0,34,0,0,0
1718,3,0,34,0,0,0
1719,3,0,34,0,0,0
1720,3,0,35,0,0,0
1721,3,0,34,0,0,0
1722,3,0,34,0,0,0
1723,3,0,34,0,0,0
1724,3,0,34,0,0,0
1725,3,0,33,0,0,0
1726,3,0,34,0,0,0
1727,3,0,33,0,0,0
1728,3,0,34,0,0,0
1729,3,0,34,0,0,0
1730,3,0,34,0,0,0
1731,3,0,34,0,0,0
1732,0,1,22,28,29,28
1733,0,1,22,26,25,29
1734,0,1,22,26,26,29
1735,0,1,22,26,25,29
1736,0,1,22,26,26,29
1737,0,1,22,26,25,29
1738,0,1,21,26,25,29
1739,0,1,21,26,26,30
1740,0,1,21,26,26,29
1741,0,1,22,26,27,30
1742,0,1,22,26,26,29
1743,0,1,22,27,27,30
1744,0,1,22,27,28,30
1745,0,1,22,27,27,30
1746,0,1,22,27,28,30
1747,0,1,22,27,28,30
1748,0,1,22,27,28,30
1749,0,1,22,27,28,30
1750,0,1,22,27,27,30
1751,0,1,22,27,28,30
1752,0,1,22,27,28,30
1753,0,1,22,27,28,30
1754,0,1,22,27,28,30
1755,0,1,22,27,28,30
1756,0,1,22,27,28,30
1757,0,1,22,27,28,30
1758,0,1,22,27,28,30
1759,0,1,22,27,28,30
1760,0,1,22,27,27,30
1761,0,1,22,27,27,30
1762,0,1,22,27,28,30
1763,0,1,22,27,28,30
1764,0,1,22,27,27,30
1765,0,1,22,27,28,30
1766,0,1,22,27,28,30
1767,0,1,22,27,28,30
1768,0,1,22,27,28,30
1769,0,1,22,27,27,31
1770,9,0,0,0,0,34
1771,9,0,0,0,0,34
1772,9,0,0,0,0,34
1773,9,0,0,0,0,35
1774,9,0,0,0,0,34
1775,9,0,0,0,0,35
1776,9,0,0,0,0,35
1777,9,0,0,0,0,34
1778,9,0,0,0,0,35
1779,9,0,0,0,0,34
1780,9,0,0,0,0,34
1781,9,0,0,0,0,35
1782,9,0,0,0,0,34
1783,9,0,0,0,0,34
1784,9,0,0,0,0,35
1785,9,0,0,0,0,35
1786,9,0,0,0,0,35
1787,9,0,0,0,0,34
1788,9,0,0,0,0,35
1789,9,0,0,0,0,35
1790,9,0,0,0,0,35
1791,9,0,0,0,0,35
1792,9,0,0,0,0,35
1793,9,0,0,0,0,34
1794,9,0,0,0,0,35
1795,9,0,0,0,0,34
1796,9,0,0,0,0,35
1797,9,0,0,0,0,35
1798,9,0,0,0,0,34
1799,9,0,0,0,0,35
1800,9,0,0,0,0,35
1801,9,0,0,0,0,35
1802,9,0,0,0,0,35
1803,9,0,0,0,0,35
1804,9,0,0,0,0,34
1805,9,0,0,0,0,34
1806,9,0,0,0,0,34
1807,9,0,0,0,0,34
1808,9,0,0,0,0,35
1809,9,0,0,0,0,35
1810,9,0,0,0,0,35
1811,9,0,0,0,0,35
1812,9,0,0,0,0,34
1813,6,0,0,56,61,0
1814,4,0,42,32,0,0
1815,5,0,0,63,0,0
1816,4,0,18,23,0,0
1817,4,0,17,23,0,0
1818,4,42,83,85,77,56
1819,5,0,0,202,0,0
1820,5,0,0,224,0,0
1821,5,0,0,213,0,0
1822,5,0,0,206,0,0
1823,5,0,0,227,0,0
1824,5,0,0,215,0,0
1825,5,0,0,224,0,0
1826,5,0,0,222,0,0
1827,5,0,0,226,0,0
1828,5,0,0,225,0,0
1829,5,0,0,221,0,0
1830,5,0,0,224,0,0
1831,5,0,0,223,0,0
1832,5,0,0,215,0,0
1833,5,0,0,217,0,0
1834,5,0,0,218,0,0
1835,5,0,0,218,0,0
1836,5,0,0,224,0,0
1837,5,0,0,223,0,0
1838,5,0,0,220,0,0
1839,5,0,0,218,0,0
1840,5,0,0,214,0,0
1841,5,0,0,223,0,0
1842,5,0,0,221,0,0
1843,5,0,0,216,0,0
1844,5,0,0,222,0,0
1845,5,0,0,219,0,0
1846,5,0,0,215,0,0
1847,5,0,0,221,0,0
1848,5,0,0,223,0,0
1849,5,0,0,221,0,0
1850,5,0,0,214,0,0
1851,5,0,0,224,0,0
1852,5,0,0,221,0,0
1853,5,0,0,224,0,0
1854,5,0,0,221,0,0
1855,5,0,0,220,0,0
1856,5,0,0,221,0,0
1857,5,0,0,219,0,0
1858,5,0,0,224,0,0
1859,5,0,0,221,0,0
1860,5,0,0,213,0,0
1861,5,0,0,222,0,0
1862,5,0,0,219,0,0
1863,5,0,0,219,0,0
1864,5,0,0,223,0,0
1865,5,0,0,225,0,0
1866,5,0,0,225,0,0
1867,5,0,0,214,0,0
1868,5,0,0,219,0,0
1869,5,0,0,222,0,0
1870,5,0,0,214,0,0
1871,5,0,0,223,0,0
1872,5,0,0,220,0,0
1873,5,0,0,226,0,0
1874,5,0,0,226,0,0
1875,5,0,0,215,0,0
1876,5,0,0,217,0,0
1877,5,0,0,226,0,0
1878,5,0,0,224,0,0
1879,5,0,0,215,0,0
1880,5,0,0,219,0,0
1881,5,0,0,216,0,0
1882,5,0,0,205,0,0
1883,5,0,0,211,0,0
1884,5,0,0,212,0,0
1885,5,0,0,211,0,0
1886,5,0,0,205,0,0
1887,5,0,0,203,0,0
1888,5,0,0,213,0,0
1889,5,0,0,207,0,0
1890,5,0,0,212,0,0
1891,5,0,0,206,0,0
1892,5,0,0,212,0,0
1893,5,0,0,210,0,0
1894,5,0,0,203,0,0
1895,5,0,0,207,0,0
1896,5,0,0,204,0,0
1897,5,0,0,211,0,0
1898,5,0,0,203,0,0
1899,5,0,0,206,0,0
1900,5,0,0,214,0,0
1901,5,0,0,208,0,0
1902,5,0,0,211,0,0
1903,5,0,0,205,0,0
1904,5,0,0,206,0,0
1905,5,0,0,204,0,0
1906,5,0,0,213,0,0
1907,5,0,0,204,0,0
1908,5,0,0,209,0,0
1909,5,0,0,210,0,0
1910,5,0,0,212,0,0
1911,5,0,0,212,0,0
1912,5,0,0,207,0,0
1913,5,0,0,214,0,0
1914,5,0,0,212,0,0
1915,5,0,0,208,0,0
1916,5,0,0,203,0,0
1917,5,0,0,203,0,0
1918,5,0,0,207,0,0
1919,5,0,0,207,0,0
1920,5,0,0,207,0,0
1921,5,0,0,209,0,0
1922,5,0,0,204,0,0
1923,5,0,0,214,0,0
1924,5,0,0,210,0,0
1925,5,0,0,203,0,0
1926,5,0,0,213,0,0
1927,5,0,0,215,0,0
1928,5,0,0,209,0,0
1929,5,0,0,211,0,0
1930,5,0,0,214,0,0
1931,5,0,0,188,0,0
1932,5,0,0,192,0,0
1933,5,0,0,201,0,0
1934,4,0,145,161,0,0
1935,4,0,144,173,0,0
1936,4,0,127,110,0,0
1937,4,0,137,126,0,0
1938,5,0,0,217,0,0
1939,5,0,0,215,0,0
1940,5,0,0,205,0,0
1941,5,0,0,215,0,0
1942,5,0,0,217,0,0
1943,5,0,0,214,0,0
1944,5,0,0,214,0,0
1945,5,0,0,216,0,0
1946,5,0,0,206,0,0
1947,5,0,0,217,0,0
1948,5,0,0,206,0,0
1949,5,0,0,210,0,0
1950,5,0,0,211,0,0
1951,5,0,0,215,0,0
1952,5,0,0,206,0,0
1953,5,0,0,214,0,0
1954,5,0,0,213,0,0
1955,5,0,0,209,0,0
1956,5,0,0,211,0,0
1957,5,0,0,214,0,0
1958,5,0,0,203,0,0
1959,5,0,0,205,0,0
1960,5,0,0,207,0,0
1961,5,0,0,212,0,0
1962,5,0,0,214,0,0
1963,5,0,0,214,0,0
1964,5,0,0,210,0,0
1965,5,0,0,203,0,0
1966,5,0,0,210,0,0
1967,5,0,0,204,0,0
1968,5,0,0,208,0,0
1969,5,0,0,204,0,0
1970,5,0,0,209,0,0
1971,5,0,0,204,0,0
1972,5,0,0,203,0,0
1973,5,0,0,211,0,0
1974,5,0,0,214,0,0
1975,5,0,0,208,0,0
1976,5,0,0,214,0,0
1977,5,0,0,213,0,0
1978,5,0,0,204,0,0
1979,5,0,0,208,0,0
1980,5,0,0,212,0,0
1981,5,0,0,207,0,0
1982,5,0,0,213,0,0
1983,5,0,0,212,0,0
1984,5,0,0,214,0,0
1985,5,0,0,209,0,0
1986,5,0,0,206,0,0
1987,5,0,0,208,0,0
1988,5,0,0,209,0,0
1989,5,0,0,205,0,0
1990,5,0,0,204,0,0
1991,5,0,0,207,0,0
1992,5,0,0,212,0,0
1993,5,0,0,209,0,0
1994,5,0,0,204,0,0
1995,5,0,0,206,0,0
1996,5,0,0,212,0,0
1997,5,0,0,205,0,0
1998,5,0,0,208,0,0
1999,5,0,0,207,0,0
2000,5,0,0,204,0,0
2001,4,0,186,173,0,0
2002,4,0,183,176,0,0
2003,4,0,177,170,0,0
2004,4,0,178,163,0,0
2005,4,0,180,165,0,0
2006,4,0,185,166,0,0
2007,4,0,185,176,0,0
2008,4,0,183,178,0,0
2009,4,0,176,168,0,0
2010,4,0,178,176,0,0
2011,4,0,177,178,0,0
2012,4,0,181,178,0,0
2013,4,0,181,182,0,0
2014,4,0,179,177,0,0
2015,4,0,182,183,0,0
2016,4,0,181,182,0,0
2017,4,0,176,177,0,0
2018,4,0,180,182,0,0
2019,4,0,175,178,0,0
2020,4,0,181,181,0,0
2021,4,0,177,176,0,0
2022,4,0,177,176,0,0
2023,4,0,181,181,0,0
2024,4,0,176,177,0,0
2025,4,0,181,181,0,0
2026,4,0,177,180,0,0
2027,4,0,177,176,0,0
2028,4,0,182,182,0,0
2029,4,0,175,177,0,0
2030,4,0,181,178,0,0
2031,4,0,179,176,0,0
2032,4,0,178,176,0,0
2033,4,0,179,177,0,0
2034,4,0,180,176,0,0
2035,4,0,182,179,0,0
2036,4,0,179,176,0,0
2037,4,0,176,177,0,0
2038,4,0,176,178,0,0
2039,4,0,177,177,0,0
2040,4,0,176,178,0,0
2041,4,0,176,177,0,0
2042,4,0,182,181,0,0
2043,4,0,179,183,0,0
2044,4,0,178,176,0,0
2045,4,0,177,180,0,0
2046,4,0,182,180,0,0
2047,4,0,176,176,0,0
2048,4,0,181,182,0,0
2049,4,0,180,177,0,0
2050,4,0,180,178,0,0
2051,4,0,178,181,0,0
2052,4,0,181,182,0,0
2053,4,0,176,180,0,0
2054,4,0,177,177,0,0
2055,4,0,177,176,0,0
2056,4,0,182,182,0,0
2057,4,0,178,176,0,0
2058,4,0,180,183,0,0
2059,4,0,183,181,0,0
2060,4,0,181,179,0,0
2061,4,0,182,181,0,0
2062,4,0,176,177,0,0
2063,4,0,178,176,0,0
2064,4,0,181,179,0,0
2065,4,0,181,183,0,0
2066,4,0,181,182,0,0
2067,4,0,179,182,0,0
2068,4,0,175,178,0,0
2069,4,0,181,183,0,0
2070,4,0,176,178,0,0
2071,4,0,178,176,0,0
2072,4,0,182,181,0,0
2073,4,0,176,180,0,0
2074,4,0,183,182,0,0
2075,4,0,181,182,0,0
2076,4,0,180,183,0,0
2077,4,0,181,183,0,0
2078,4,0,179,183,0,0
2079,4,0,180,183,0,0
2080,4,0,183,179,0,0
2081,4,0,176,181,0,0
2082,4,0,183,181,0,0
2083,4,0,178,182,0,0
2084,4,0,181,183,0,0
2085,4,0,182,180,0,0
2086,4,0,182,180,0,0
2087,3,0,169,0,0,0
2088,3,0,167,0,0,0
2089,3,0,188,0,0,0
2090,3,0,180,0,0,0
2091,3,0,187,0,0,0
2092,3,0,180,0,0,0
2093,3,0,174,0,0,0
2094,3,0,175,0,0,0
2095,3,0,185,0,0,0
2096,3,0,181,0,0,0
2097,3,0,187,0,0,0
2098,3,0,185,0,0,0
2099,3,0,195,0,0,0
2100,3,0,194,0,0,0
2101,3,0,188,0,0,0
2102,3,0,188,0,0,0
2103,3,0,187,0,0,0
2104,3,0,200,0,0,0
2105,3,0,214,0,0,0
2106,3,0,213,0,0,0
2107,3,0,216,0,0,0
2108,3,0,212,0,0,0
2109,3,0,203,0,0,0
2110,3,0,213,0,0,0
2111,3,0,202,0,0,0
2112,3,0,214,0,0,0
2113,3,0,214,0,0,0
2114,3,0,212,0,0,0
2115,3,0,204,0,0,0
2116,3,0,213,0,0,0
2117,3,0,214,0,0,0
2118,3,0,212,0,0,0
2119,3,0,213,0,0,0
2120,3,0,213,0,0,0
2121,3,0,204,0,0,0
2122,3,0,213,0,0,0
2123,3,0,211,0,0,0
2124,3,0,210,0,0,0
2125,3,0,207,0,0,0
2126,3,0,214,0,0,0
2127,3,0,204,0,0,0
2128,3,0,212,0,0,0
2129,3,0,202,0,0,0
2130,3,0,203,0,0,0
2131,3,0,192,0,0,0
2132,3,0,192,0,0,0
2133,3,0,184,0,0,0
2134,3,0,186,0,0,0
2135,3,0,186,0,0,0
2136,3,0,184,0,0,0
2137,3,0,187,0,0,0
2138,3,0,196,0,0,0
2139,3,0,195,0,0,0
2140,3,0,170,0,0,0
2141,3,0,157,0,0,0
2142,3,0,162,0,0,0
2143,3,0,153,0,0,0
2144,3,0,148,0,0,0
2145,3,0,141,0,0,0
2146,3,0,198,0,0,0
2147,3,0,195,0,0,0
2148,3,0,196,0,0,0
2149,3,0,202,0,0,0
2150,3,0,197,0,0,0
2151,3,0,191,0,0,0
2152,3,0,194,0,0,0
2153,3,0,199,0,0,0
2154,3,0,201,0,0,0
2155,3,0,200,0,0,0
2156,3,0,191,0,0,0
2157,3,0,199,0,0,0
2158,3,0,195,0,0,0
2159,3,0,192,0,0,0
2160,3,0,200,0,0,0
2161,3,0,194,0,0,0
2162,3,0,196,0,0,0
2163,3,0,192,0,0,0
2164,3,0,195,0,0,0
2165,3,0,200,0,0,0
2166,3,0,191,0,0,0
2167,3,0,196,0,0,0
2168,3,0,194,0,0,0
2169,3,0,191,0,0,0
2170,3,0,192,0,0,0
2171,3,0,200,0,0,0
2172,3,0,195,0,0,0
2173,3,0,194,0,0,0
2174,3,0,194,0,0,0
2175,3,0,198,0,0,0
2176,3,0,193,0,0,0
2177,3,0,200,0,0,0
2178,3,0,193,0,0,0
2179,2,142,142,0,0,0
2180,2,138,133,0,0,0
2181,2,141,131,0,0,0
2182,2,136,127,0,0,0
2183,2,141,122,0,0,0
2184,2,149,122,0,0,0
2185,2,148,123,0,0,0
2186,2,150,124,0,0,0
2187,2,152,124,0,0,0
2188,2,147,123,0,0,0
2189,2,146,134,0,0,0
2190,2,126,123,0,0,0
2191,2,97,113,0,0,0
2192,2,92,94,0,0,0
2193,2,95,96,0,0,0
2194,2,96,94,0,0,0
2195,2,99,93,0,0,0
2196,2,99,93,0,0,0
2197,2,101,93,0,0,0
2198,2,121,113,0,0,0
2199,2,116,116,0,0,0
2200,2,132,146,0,0,0
2201,2,132,143,0,0,0
2202,2,131,141,0,0,0
2203,2,128,144,0,0,0
2204,2,129,139,0,0,0
2205,2,130,144,0,0,0
2206,2,127,142,0,0,0
2207,2,130,140,0,0,0
2208,2,131,143,0,0,0
2209,2,130,140,0,0,0
2210,2,128,139,0,0,0
2211,2,131,143,0,0,0
2212,2,127,143,0,0,0
2213,2,127,139,0,0,0
2214,2,129,144,0,0,0
2215,2,130,141,0,0,0
2216,2,126,142,0,0,0
2217,2,130,144,0,0,0
2218,2,127,142,0,0,0
2219,2,130,144,0,0,0
2220,2,131,141,0,0,0
2221,2,128,139,0,0,0
2222,2,127,142,0,0,0
2223,2,129,144,0,0,0
2224,2,130,140,0,0,0
2225,2,126,140,0,0,0
2226,2,131,144,0,0,0
2227,2,130,143,0,0,0
2228,2,130,145,0,0,0
2229,2,108,115,0,0,0
2230,2,84,82,0,0,0
2231,2,80,82,0,0,0
2232,2,67,63,0,0,0
2233,3,0,55,0,0,0
2234,2,53,59,0,0,0
2235,2,60,60,0,0,0
2236,2,59,60,0,0,0
2237,2,59,60,0,0,0
2238,2,58,59,0,0,0
2239,2,58,59,0,0,0
2240,2,57,59,0,0,0
2241,2,58,59,0,0,0
2242,2,58,59,0,0,0
2243,2,58,60,0,0,0
2244,2,58,60,0,0,0
2245,2,58,60,0,0,0
2246,2,57,59,0,0,0
2247,2,80,81,0,0,0
2248,2,78,80,0,0,0
2249,2,79,80,0,0,0
2250,2,79,81,0,0,0
2251,2,78,81,0,0,0
2252,2,78,80,0,0,0
2253,2,79,80,0,0,0
2254,2,79,81,0,0,0
2255,2,79,82,0,0,0
2256,2,80,81,0,0,0
2257,2,79,81,0,0,0
2258,2,79,81,0,0,0
2259,2,78,81,0,0,0
2260,2,78,81,0,0,0
2261,2,79,81,0,0,0
2262,2,79,80,0,0,0
2263,2,79,81,0,0,0
2264,2,80,82,0,0,0
2265,2,78,81,0,0,0
2266,2,79,81,0,0,0
2267,2,80,82,0,0,0
2268,2,78,81,0,0,0
2269,2,80,82,0,0,0
2270,2,79,80,0,0,0
2271,2,79,80,0,0,0
2272,2,80,82,0,0,0
2273,2,78,80,0,0,0
2274,2,79,82,0,0,0
2275,2,80,81,0,0,0
2276,2,75,81,0,0,0
2277,3,0,36,0,0,0
2278,3,0,36,0,0,0
2279,3,0,39,0,0,0
2280,3,0,34,0,0,0
2281,3,0,34,0,0,0
2282,3,0,35,0,0,0
2283,3,0,34,0,0,0
2284,3,0,34,0,0,0
2285,3,0,35,0,0,0
2286,3,0,36,0,0,0
2287,3,0,36,0,0,0
2288,3,0,37,0,0,0
2289,3,0,35,0,0,0
2290,3,0,34,0,0,0
2291,3,0,35,0,0,0
2292,3,0,35,0,0,0
2293,3,0,34,0,0,0
2294,3,0,35,0,0,0
2295,3,0,34,0,0,0
2296,3,0,35,0,0,0
2297,3,0,35,0,0,0
2298,3,0,35,0,0,0
2299,3,0,34,0,0,0
2300,3,0,35,0,0,0
2301,3,0,35,0,0,0
2302,3,0,34,0,0,0
2303,3,0,35,0,0,0
2304,3,0,35,0,0,0
2305,3,0,35,0,0,0
2306,3,0,34,0,0,0
2307,3,0,35,0,0,0
2308,3,0,35,0,0,0
2309,3,0,35,0,0,0
2310,3,0,35,0,0,0
2311,3,0,34,0,0,0
2312,3,0,35,0,0,0
2313,3,0,35,0,0,0
2314,3,0,35,0,0,0
2315,3,0,35,0,0,0
2316,3,0,34,0,0,0
2317,3,0,34,0,0,0
2318,3,0,34,0,0,0
2319,3,0,34,0,0,0
2320,3,0,34,0,0,0
2321,3,0,34,0,0,0
2322,3,0,35,0,0,0
2323,3,0,35,0,0,0
2324,3,0,35,0,0,0
2325,3,0,35,0,0,0
2326,3,0,35,0,0,0
2327,3,0,36,0,0,0
2328,3,0,35,0,0,0
2329,3,0,36,0,0,0
2330,3,0,34,0,0,0
2331,3,0,35,0,0,0
2332,3,0,35,0,0,0
2333,3,0,24,0,0,0
2334,3,0,9,0,0,0
2335,3,0,6,0,0,0
2336,4,0,19,0,0,0
2337,4,0,21,15,0,0
2338,4,0,22,18,0,0
2339,4,0,25,19,0,0
2340,4,0,25,19,0,0
2341,4,0,26,19,0,0
2342,4,0,26,19,0,0
2343,4,0,26,19,0,0
2344,4,0,26,19,0,0
2345,4,0,25,19,0,0
2346,4,0,25,19,0,0
2347,4,0,25,18,0,0
2348,4,0,25,18,0,0
2349,4,0,25,18,0,0
2350,4,0,25,19,0,0
2351,4,0,23,18,0,0
2352,3,0,28,0,0,0
2353,3,0,26,0,0,0
2354,3,0,28,0,0,0
2355,3,0,32,0,0,0
2356,3,0,31,0,0,0
2357,3,0,35,0,0,0
2358,3,0,33,0,0,0
2359,3,0,32,0,0,0
2360,3,0,33,0,0,0
2361,3,0,33,0,0,0
2362,3,0,35,0,0,0
2363,3,0,35,0,0,0
2364,3,0,35,0,0,0
2365,3,0,30,0,0,0
2366,3,0,16,0,0,0
2367,4,0,20,15,0,0
2368,3,0,19,0,0,0
2369,4,0,18,13,0,0
2370,3,0,16,0,0,0
2371,4,0,18,13,0,0
2372,4,0,18,13,0,0
2373,3,0,19,0,0,0
2374,4,0,18,12,0,0
2375,4,0,20,13,0,0
2376,3,0,20,0,0,0
2377,3,0,19,0,0,0
2378,4,0,18,12,0,0
2379,3,0,16,0,0,0
2380,0,1,2,2,1,2
2381,0,1,1,1,1,1
2382,3,0,5,0,0,2
2383,0,1,2,2,2,1
2384,0,1,1,2,2,2
2385,0,1,2,2,2,1
2386,0,1,1,2,2,1
2387,0,1,2,2,2,2
2388,4,0,17,12,0,0
2389,3,0,17,0,0,0
2390,3,0,18,11,0,0
2391,3,0,14,0,0,0
2392,4,0,18,13,0,0
2393,3,0,14,0,0,0
2394,3,0,15,0,0,0
2395,3,0,16,0,0,0
2396,3,0,15,0,0,0
2397,3,0,17,0,0,0
2398,3,0,16,0,0,0
2399,3,0,17,0,0,0
2400,3,0,16,0,0,0
2401,3,0,17,0,0,0
2402,3,0,17,0,0,0
2403,3,0,17,0,0,0
2404,3,0,17,0,0,0
2405,3,0,17,0,0,0
2406,3,0,15,0,0,0
2407,4,0,16,13,0,0
2408,4,0,18,12,0,0
2409,3,0,19,0,0,0
2410,4,0,19,13,0,0
2411,3,0,19,0,0,0
2412,4,0,18,12,0,0
2413,4,0,18,13,0,0
2414,3,0,18,0,0,0
2415,4,0,18,13,0,0
2416,3,0,18,0,0,0
2417,4,0,18,13,0,0
2418,4,0,18,13,0,0
2419,4,0,18,14,0,0
2420,4,0,18,12,0,0
2421,4,0,18,13,0,0
2422,4,0,18,13,0,0
2423,3,0,18,12,0,0
2424,4,0,18,13,0,0
2425,4,0,18,13,0,0
2426,4,0,19,13,0,0
2427,3,0,71,0,0,0
2428,3,0,76,0,0,0
2429,3,0,79,0,0,0
2430,3,0,80,0,0,0
2431,3,0,81,0,0,0
2432,3,0,79,0,0,0
2433,3,0,80,0,0,0
2434,3,0,80,0,0,0
2435,3,0,80,0,0,0
2436,3,0,80,0,0,0
2437,3,0,81,0,0,0
2438,3,0,79,0,0,0
2439,3,0,80,0,0,0
2440,3,0,79,0,0,0
2441,3,0,79,0,0,0
2442,3,0,79,0,0,0
2443,3,0,80,0,0,0
2444,3,0,76,0,0,0
2445,3,0,80,0,0,0
2446,3,0,78,0,0,0
2447,3,0,79,0,0,0
2448,3,0,78,0,0,0
2449,3,0,80,0,0,0
2450,3,0,78,0,0,0
2451,3,0,77,0,0,0
2452,3,0,79,0,0,0
2453,3,0,78,0,0,0
2454,3,0,79,0,0,0
2455,3,0,81,0,0,0
2456,3,0,78,0,0,0
2457,3,0,78,0,0,0
2458,3,0,78,0,0,0
2459,3,0,77,0,0,0
2460,3,0,78,0,0,0
2461,3,0,77,0,0,0
2462,3,0,78,0,0,0
2463,3,0,78,0,0,0
2464,3,0,79,0,0,0
2465,3,0,80,0,0,0
2466,3,0,79,0,0,0
2467,3,0,79,0,0,0
2468,3,0,79,0,0,0
2469,3,0,80,0,0,0
2470,3,0,78,0,0,0
2471,3,0,80,0,0,0
2472,3,0,79,0,0,0
2473,3,0,78,0,0,0
2474,3,0,80,0,0,0
2475,3,0,79,0,0,0
2476,3,0,79,0,0,0
2477,3,0,80,0,0,0
2478,3,0,78,0,0,0
2479,3,0,78,0,0,0
2480,3,0,78,0,0,0
2481,3,0,80,0,0,0
2482,3,0,80,0,0,0
2483,3,0,80,0,0,0
2484,3,0,80,0,0,0
2485,3,0,79,0,0,0
2486,3,0,79,0,0,0
2487,3,0,81,0,0,0
2488,3,0,53,0,0,0
2489,3,0,28,0,0,0
2490,3,0,29,0,0,0
2491,3,0,34,0,0,0
2492,3,0,35,0,0,0
2493,3,0,35,0,0,0
2494,3,0,35,0,0,0
2495,3,0,35,0,0,0
2496,3,0,35,0,0,0
2497,3,0,34,0,0,0
2498,3,0,34,0,0,0
2499,3,0,34,0,0,0
2500,3,0,34,0,0,0
2501,3,0,34,0,0,0
2502,3,0,34,0,0,0
2503,3,0,34,0,0,0
2504,3,0,34,0,0,0
2505,3,0,34,0,0,0
2506,3,0,34,0,0,0
2507,3,0,35,0,0,0
2508,3,0,36,0,0,0
2509,3,0,34,0,0,0
2510,3,0,34,0,0,0
2511,3,0,34,0,0,0
2512,3,0,34,0,0,0
2513,3,0,34,0,0,0
2514,3,0,33,0,0,0
2515,3,0,34,0,0,0
2516,3,0,33,0,0,0
2517,3,0,33,0,0,0
2518,3,0,34,0,0,0
2519,3,0,34,0,0,0
2520,3,0,34,0,0,0
2521,3,0,34,0,0,0
2522,3,0,34,0,0,0
2523,3,0,33,0,0,0
2524,3,0,34,0,0,0
2525,3,0,34,0,0,0
2526,3,0,34,0,0,0
2527,3,0,34,0,0,0
2528,3,0,33,0,0,0
2529,3,0,33,0,0,0
2530,3,0,33,0,0,0
2531,3,0,33,0,0,0
2532,3,0,33,0,0,0
2533,3,0,33,0,0,0
2534,3,0,33,0,0,0
2535,3,0,33,0,0,0
2536,3,0,33,0,0,0
2537,3,0,34,0,0,0
2538,3,0,33,0,0,0
2539,3,0,31,0,0,0
2540,3,0,31,0,0,0
2541,3,0,32,0,0,0
2542,3,0,31,0,0,0
2543,0,1,3,2,2,3
2544,3,0,30,0,0,0
2545,0,1,2,2,2,3
2546,0,1,2,2,2,2
2547,0,1,2,2,2,3
2548,3,0,33,0,0,0
2549,3,0,33,0,0,0
2550,3,0,33,0,0,0
2551,3,0,34,0,0,0
2552,3,0,34,0,0,0
2553,3,0,34,0,0,0
2554,3,0,33,0,0,0
2555,3,0,33,0,0,0
2556,3,0,32,0,0,0
2557,3,0,33,0,0,0
2558,3,0,33,0,0,0
2559,3,0,33,0,0,0
2560,3,0,33,0,0,0
2561,3,0,33,0,0,0
2562,3,0,34,0,0,0
2563,3,0,33,0,0,0
2564,3,0,33,0,0,0
2565,3,0,34,0,0,0
2566,3,0,33,0,0,0
2567,3,0,33,0,0,0
2568,3,0,33,0,0,0
2569,3,0,33,0,0,0
2570,3,0,33,0,0,0
2571,3,0,33,0,0,0
2572,3,0,33,0,0,0
2573,3,0,33,0,0,0
2574,3,0,33,0,0,0
2575,3,0,33,0,0,0
2576,3,0,33,0,0,0
2577,3,0,33,0,0,0
2578,5,0,0,34,0,0
2579,5,0,0,30,0,0
2580,5,0,0,31,0,0
2581,5,0,0,31,0,0
2582,5,0,0,32,0,0
2583,5,0,0,32,0,0
2584,5,0,0,34,0,0
2585,5,0,0,34,0,0
2586,5,0,0,27,0,0
2587,5,0,0,23,0,0
2588,5,0,0,25,0,0
2589,5,0,0,26,0,0
2590,5,0,0,24,0,0
2591,5,0,0,24,0,0
2592,5,0,0,23,0,0
2593,5,0,0,23,0,0
2594,5,0,0,23,0,0
2595,5,0,0,23,0,0
2596,5,0,0,24,0,0
2597,5,0,0,24,0,0
2598,5,0,0,23,0,0
2599,5,0,0,19,0,0
2600,5,0,0,6,0,0
2601,5,0,0,14,0,0
2602,0,1,1,3,2,2
2603,5,0,0,12,0,0
2604,5,0,0,13,0,0
2605,5,0,0,12,0,0
2606,5,0,0,13,0,0
2607,5,0,0,12,0,0
2608,5,0,0,13,0,0
2609,5,0,0,13,0,0
2610,5,0,0,12,0,0
2611,5,0,0,12,0,0
2612,0,1,2,2,2,1
2613,0,1,1,2,2,1
2614,0,1,1,1,2,1
2615,0,1,1,2,2,1
2616,0,1,1,2,2,1
2617,0,1,1,1,2,1
2618,0,1,1,1,2,1
2619,0,1,1,2,2,1
2620,5,0,0,18,0,0
2621,6,0,0,22,24,0
2622,9,0,0,0,0,18
2623,7,0,0,0,47,0
2624,0,1,1,2,2,2
2625,5,0,0,35,0,0
2626,5,0,0,12,0,0
2627,5,0,0,13,0,0
2628,5,0,0,16,0,0
2629,0,1,1,3,2,1
2630,5,0,0,17,0,0
2631,5,0,0,13,0,0
2632,5,0,0,13,0,0
2633,5,1,1,4,2,1
2634,0,1,1,2,2,1
2635,5,0,0,12,0,0
2636,5,0,0,6,0,0
2637,5,0,0,11,0,0
2638,5,0,0,8,0,0
2639,5,0,0,8,0,0
2640,0,1,1,2,2,1
2641,0,1,1,2,2,1
2642,0,1,1,2,2,1
2643,0,1,1,2,2,1
2644,0,1,1,2,2,1
2645,0,1,1,2,2,1
2646,0,1,1,2,2,1
2647,0,1,1,4,2,1
2648,0,1,1,2,2,1
2649,0,1,1,2,2,1
2650,0,1,1,2,2,1
2651,0,1,1,2,2,1
2652,0,1,1,1,2,1
2653,0,1,1,2,2,1
2654,0,1,1,1,2,1
2655,0,1,1,2,2,1
2656,0,1,1,2,2,1
2657,0,1,1,2,2,1
2658,0,1,1,2,2,1
2659,0,1,1,2,2,1
2660,0,1,1,2,2,1
2661,0,1,1,2,2,1
2662,0,1,1,2,2,1
2663,0,1,1,2,2,1
2664,0,1,1,2,2,1
2665,0,1,1,2,2,1
2666,0,1,1,2,2,1
2667,5,0,0,6,0,0
2668,0,1,1,4,2,1
2669,5,0,0,6,0,0
2670,0,1,1,3,2,1
2671,0,1,1,2,2,1
2672,0,1,1,2,2,1
2673,0,1,1,2,2,1
2674,0,1,1,2,2,1
2675,0,1,1,2,2,1
2676,5,0,0,6,0,0
2677,5,0,0,6,0,0
2678,5,0,0,5,0,0
2679,0,1,1,3,2,1
2680,5,0,0,5,0,0
2681,0,1,1,3,2,1
2682,0,1,1,3,2,1
2683,0,1,1,3,2,1
2684,0,1,1,2,2,1
2685,0,1,1,2,2,1
2686,0,1,1,2,2,1
2687,0,1,1,2,2,1
2688,0,1,1,2,2,1
2689,0,1,1,4,2,1
2690,0,1,1,3,2,1
2691,0,1,1,2,2,1
2692,0,1,1,2,2,1
2693,0,1,1,2,2,1
2694,0,1,1,2,2,1